0 0
5.18135e-05 10
0.000103627 20
0.00015544 30
0.000207254 40
0.000259067 50
0.000310881 60
0.000362694 70
0.000414508 80
0.000466321 90
0.000518135 100
0.000569948 110
0.000621762 120
0.000673575 130
0.000725389 140
0.000777202 150
0.000829016 160
0.000880829 170
0.00139872 180
0.00191701 190
0.00243514 200
0.00295326 210
0.00347141 220
0.00398953 230
0.00450767 240
0.0050258 250
0.00554395 260
0.00606204 270
0.00658018 280
0.00709831 290
0.0076165 300
0.00813462 310
0.00865272 320
0.0091709 330
0.009689 340
