-9.50748e-28 1.2192e-06
0.00025 48.25
0.0005 96.5
0.00075 144.75
0.001 186.442
0.00125 204.236
0.0015 214.736
0.00175 222.225
0.002 228.057
0.00225 232.837
0.0025 236.889
0.00275 240.406
0.003 243.515
0.00325 246.3
0.0035 248.824
0.00375 251.131
0.004 253.256
0.00425 255.225
0.0045 257.061
0.00475 258.78
0.005 260.396
0.00525 261.921
0.0055 263.365
0.00575 264.736
0.006 266.041
0.00625 267.286
0.0065 268.477
0.00675 269.617
0.007 270.712
0.00725 271.765
0.0075 272.778
0.00775 273.755
0.008 274.698
0.00825 275.61
0.0085 276.492
0.00875 277.347
0.009 278.176
0.00925 278.98
0.0095 279.761
0.00975 280.521
