-9.50748e-28 1.2192e-06
0.00025 48.25
0.000507613 97.9132
0.00075 144.75
0.001 172.3
0.00125 177.125
0.0015 181.95
0.00175 186.775
0.002 191.6
0.00225 196.425
0.0025 201.25
0.00275 206.075
0.003 210.9
0.00325 215.725
0.0035 220.55
0.00375 225.375
0.004 230.2
0.00425 235.025
0.0045 239.85
0.00475 244.675
0.005 249.5
0.00525 254.325
0.0055 259.15
0.00575 263.975
0.006 268.8
0.00625 273.625
0.0065 278.45
0.00675 283.275
0.007 288.1
0.00725 292.925
0.0075 297.75
0.00775 302.575
0.008 307.4
0.00825 312.225
0.0085 317.05
0.00875 321.875
0.009 326.7
0.00925 331.525
0.0095 336.35
0.00975 341.175
