Nodes
240
1 2 0
2 1.97538 0.312869
3 1.90211 0.618034
4 1.78201 0.907981
5 1.61803 1.17557
6 1.41421 1.41421
7 1.17557 1.61803
8 0.907981 1.78201
9 0.618034 1.90211
10 0.312869 1.97538
11 1.22465e-16 2
12 -0.312869 1.97538
13 -0.618034 1.90211
14 -0.907981 1.78201
15 -1.17557 1.61803
16 -1.41421 1.41421
17 -1.61803 1.17557
18 -1.78201 0.907981
19 -1.90211 0.618034
20 -1.97538 0.312869
21 -2 2.44929e-16
22 -1.97538 -0.312869
23 -1.90211 -0.618034
24 -1.78201 -0.907981
25 -1.61803 -1.17557
26 -1.41421 -1.41421
27 -1.17557 -1.61803
28 -0.907981 -1.78201
29 -0.618034 -1.90211
30 -0.312869 -1.97538
31 -3.67394e-16 -2
32 0.312869 -1.97538
33 0.618034 -1.90211
34 0.907981 -1.78201
35 1.17557 -1.61803
36 1.41421 -1.41421
37 1.61803 -1.17557
38 1.78201 -0.907981
39 1.90211 -0.618034
40 1.97538 -0.312869
41 1.8 0
42 1.77784 0.281582
43 1.7119 0.556231
44 1.60381 0.817183
45 1.45623 1.05801
46 1.27279 1.27279
47 1.05801 1.45623
48 0.817183 1.60381
49 0.556231 1.7119
50 0.281582 1.77784
51 1.10218e-16 1.8
52 -0.281582 1.77784
53 -0.556231 1.7119
54 -0.817183 1.60381
55 -1.05801 1.45623
56 -1.27279 1.27279
57 -1.45623 1.05801
58 -1.60381 0.817183
59 -1.7119 0.556231
60 -1.77784 0.281582
61 -1.8 2.20436e-16
62 -1.77784 -0.281582
63 -1.7119 -0.556231
64 -1.60381 -0.817183
65 -1.45623 -1.05801
66 -1.27279 -1.27279
67 -1.05801 -1.45623
68 -0.817183 -1.60381
69 -0.556231 -1.7119
70 -0.281582 -1.77784
71 -3.30655e-16 -1.8
72 0.281582 -1.77784
73 0.556231 -1.7119
74 0.817183 -1.60381
75 1.05801 -1.45623
76 1.27279 -1.27279
77 1.45623 -1.05801
78 1.60381 -0.817183
79 1.7119 -0.556231
80 1.77784 -0.281582
81 1.6 0
82 1.5803 0.250295
83 1.52169 0.494427
84 1.42561 0.726385
85 1.29443 0.940456
86 1.13137 1.13137
87 0.940456 1.29443
88 0.726385 1.42561
89 0.494427 1.52169
90 0.250295 1.5803
91 9.79717e-17 1.6
92 -0.250295 1.5803
93 -0.494427 1.52169
94 -0.726385 1.42561
95 -0.940456 1.29443
96 -1.13137 1.13137
97 -1.29443 0.940456
98 -1.42561 0.726385
99 -1.52169 0.494427
100 -1.5803 0.250295
101 -1.6 1.95943e-16
102 -1.5803 -0.250295
103 -1.52169 -0.494427
104 -1.42561 -0.726385
105 -1.29443 -0.940456
106 -1.13137 -1.13137
107 -0.940456 -1.29443
108 -0.726385 -1.42561
109 -0.494427 -1.52169
110 -0.250295 -1.5803
111 -2.93915e-16 -1.6
112 0.250295 -1.5803
113 0.494427 -1.52169
114 0.726385 -1.42561
115 0.940456 -1.29443
116 1.13137 -1.13137
117 1.29443 -0.940456
118 1.42561 -0.726385
119 1.52169 -0.494427
120 1.5803 -0.250295
121 1.4 0
122 1.38276 0.219008
123 1.33148 0.432624
124 1.24741 0.635587
125 1.13262 0.822899
126 0.989949 0.989949
127 0.822899 1.13262
128 0.635587 1.24741
129 0.432624 1.33148
130 0.219008 1.38276
131 8.57253e-17 1.4
132 -0.219008 1.38276
133 -0.432624 1.33148
134 -0.635587 1.24741
135 -0.822899 1.13262
136 -0.989949 0.989949
137 -1.13262 0.822899
138 -1.24741 0.635587
139 -1.33148 0.432624
140 -1.38276 0.219008
141 -1.4 1.71451e-16
142 -1.38276 -0.219008
143 -1.33148 -0.432624
144 -1.24741 -0.635587
145 -1.13262 -0.822899
146 -0.989949 -0.989949
147 -0.822899 -1.13262
148 -0.635587 -1.24741
149 -0.432624 -1.33148
150 -0.219008 -1.38276
151 -2.57176e-16 -1.4
152 0.219008 -1.38276
153 0.432624 -1.33148
154 0.635587 -1.24741
155 0.822899 -1.13262
156 0.989949 -0.989949
157 1.13262 -0.822899
158 1.24741 -0.635587
159 1.33148 -0.432624
160 1.38276 -0.219008
161 1.2 0
162 1.18523 0.187721
163 1.14127 0.37082
164 1.06921 0.544789
165 0.97082 0.705342
166 0.848528 0.848528
167 0.705342 0.97082
168 0.544789 1.06921
169 0.37082 1.14127
170 0.187721 1.18523
171 7.34788e-17 1.2
172 -0.187721 1.18523
173 -0.37082 1.14127
174 -0.544789 1.06921
175 -0.705342 0.97082
176 -0.848528 0.848528
177 -0.97082 0.705342
178 -1.06921 0.544789
179 -1.14127 0.37082
180 -1.18523 0.187721
181 -1.2 1.46958e-16
182 -1.18523 -0.187721
183 -1.14127 -0.37082
184 -1.06921 -0.544789
185 -0.97082 -0.705342
186 -0.848528 -0.848528
187 -0.705342 -0.97082
188 -0.544789 -1.06921
189 -0.37082 -1.14127
190 -0.187721 -1.18523
191 -2.20436e-16 -1.2
192 0.187721 -1.18523
193 0.37082 -1.14127
194 0.544789 -1.06921
195 0.705342 -0.97082
196 0.848528 -0.848528
197 0.97082 -0.705342
198 1.06921 -0.544789
199 1.14127 -0.37082
200 1.18523 -0.187721
201 1 0
202 0.987688 0.156434
203 0.951057 0.309017
204 0.891007 0.45399
205 0.809017 0.587785
206 0.707107 0.707107
207 0.587785 0.809017
208 0.45399 0.891007
209 0.309017 0.951057
210 0.156434 0.987688
211 6.12323e-17 1
212 -0.156434 0.987688
213 -0.309017 0.951057
214 -0.45399 0.891007
215 -0.587785 0.809017
216 -0.707107 0.707107
217 -0.809017 0.587785
218 -0.891007 0.45399
219 -0.951057 0.309017
220 -0.987688 0.156434
221 -1 1.22465e-16
222 -0.987688 -0.156434
223 -0.951057 -0.309017
224 -0.891007 -0.45399
225 -0.809017 -0.587785
226 -0.707107 -0.707107
227 -0.587785 -0.809017
228 -0.45399 -0.891007
229 -0.309017 -0.951057
230 -0.156434 -0.987688
231 -1.83697e-16 -1
232 0.156434 -0.987688
233 0.309017 -0.951057
234 0.45399 -0.891007
235 0.587785 -0.809017
236 0.707107 -0.707107
237 0.809017 -0.587785
238 0.891007 -0.45399
239 0.951057 -0.309017
240 0.987688 -0.156434

Elements
200
42 2 1 41 
43 3 2 42 
44 4 3 43 
45 5 4 44 
46 6 5 45 
47 7 6 46 
48 8 7 47 
49 9 8 48 
50 10 9 49 
51 11 10 50 
52 12 11 51 
53 13 12 52 
54 14 13 53 
55 15 14 54 
56 16 15 55 
57 17 16 56 
58 18 17 57 
59 19 18 58 
60 20 19 59 
61 21 20 60 
62 22 21 61 
63 23 22 62 
64 24 23 63 
65 25 24 64 
66 26 25 65 
67 27 26 66 
68 28 27 67 
69 29 28 68 
70 30 29 69 
71 31 30 70 
72 32 31 71 
73 33 32 72 
74 34 33 73 
75 35 34 74 
76 36 35 75 
77 37 36 76 
78 38 37 77 
79 39 38 78 
80 40 39 79 
41 1 40 80 
82 42 41 81 
83 43 42 82 
84 44 43 83 
85 45 44 84 
86 46 45 85 
87 47 46 86 
88 48 47 87 
89 49 48 88 
90 50 49 89 
91 51 50 90 
92 52 51 91 
93 53 52 92 
94 54 53 93 
95 55 54 94 
96 56 55 95 
97 57 56 96 
98 58 57 97 
99 59 58 98 
100 60 59 99 
101 61 60 100 
102 62 61 101 
103 63 62 102 
104 64 63 103 
105 65 64 104 
106 66 65 105 
107 67 66 106 
108 68 67 107 
109 69 68 108 
110 70 69 109 
111 71 70 110 
112 72 71 111 
113 73 72 112 
114 74 73 113 
115 75 74 114 
116 76 75 115 
117 77 76 116 
118 78 77 117 
119 79 78 118 
120 80 79 119 
81 41 80 120 
122 82 81 121 
123 83 82 122 
124 84 83 123 
125 85 84 124 
126 86 85 125 
127 87 86 126 
128 88 87 127 
129 89 88 128 
130 90 89 129 
131 91 90 130 
132 92 91 131 
133 93 92 132 
134 94 93 133 
135 95 94 134 
136 96 95 135 
137 97 96 136 
138 98 97 137 
139 99 98 138 
140 100 99 139 
141 101 100 140 
142 102 101 141 
143 103 102 142 
144 104 103 143 
145 105 104 144 
146 106 105 145 
147 107 106 146 
148 108 107 147 
149 109 108 148 
150 110 109 149 
151 111 110 150 
152 112 111 151 
153 113 112 152 
154 114 113 153 
155 115 114 154 
156 116 115 155 
157 117 116 156 
158 118 117 157 
159 119 118 158 
160 120 119 159 
121 81 120 160 
162 122 121 161 
163 123 122 162 
164 124 123 163 
165 125 124 164 
166 126 125 165 
167 127 126 166 
168 128 127 167 
169 129 128 168 
170 130 129 169 
171 131 130 170 
172 132 131 171 
173 133 132 172 
174 134 133 173 
175 135 134 174 
176 136 135 175 
177 137 136 176 
178 138 137 177 
179 139 138 178 
180 140 139 179 
181 141 140 180 
182 142 141 181 
183 143 142 182 
184 144 143 183 
185 145 144 184 
186 146 145 185 
187 147 146 186 
188 148 147 187 
189 149 148 188 
190 150 149 189 
191 151 150 190 
192 152 151 191 
193 153 152 192 
194 154 153 193 
195 155 154 194 
196 156 155 195 
197 157 156 196 
198 158 157 197 
199 159 158 198 
200 160 159 199 
161 121 160 200 
202 162 161 201 
203 163 162 202 
204 164 163 203 
205 165 164 204 
206 166 165 205 
207 167 166 206 
208 168 167 207 
209 169 168 208 
210 170 169 209 
211 171 170 210 
212 172 171 211 
213 173 172 212 
214 174 173 213 
215 175 174 214 
216 176 175 215 
217 177 176 216 
218 178 177 217 
219 179 178 218 
220 180 179 219 
221 181 180 220 
222 182 181 221 
223 183 182 222 
224 184 183 223 
225 185 184 224 
226 186 185 225 
227 187 186 226 
228 188 187 227 
229 189 188 228 
230 190 189 229 
231 191 190 230 
232 192 191 231 
233 193 192 232 
234 194 193 233 
235 195 194 234 
236 196 195 235 
237 197 196 236 
238 198 197 237 
239 199 198 238 
240 200 199 239 
201 161 200 240 

Borders
2
0 39 38 37 36 35 34 33 32 31 30 29 28 27 26 25 24 23 22 21 20 19 18 17 16 15 14 13 12 11 10 9 8 7 6 5 4 3 2 1 0 
200 201 202 203 204 205 206 207 208 209 210 211 212 213 214 215 216 217 218 219 220 221 222 223 224 225 226 227 228 229 230 231 232 233 234 235 236 237 238 239 200 